2.302585	0.373283	2.174595	1.158369
2.397895	0.476216	2.416352	1.103591
2.484907	0.546418	2.331521	1.139329
2.564949	0.606807	2.313712	1.146997
2.639057	0.656707	2.233155	1.182435
2.708050	0.701788	2.310889	1.148218
2.772589	0.736354	2.244668	1.177293
2.833213	0.768432	2.374920	1.150400
2.890372	0.793946	2.343026	1.163921
2.944439	0.817236	2.501779	1.213268
2.995732	0.841242	2.443179	1.236970
3.044522	0.864096	2.626118	1.259846
3.091042	0.885924	2.573829	1.279958
3.135494	0.906704	2.550293	1.289145
3.178054	0.925929	2.650755	1.277729
3.218876	0.942653	2.600172	1.296995
3.258097	0.958877	2.728475	1.248830
3.295837	0.971258	2.708255	1.256269
3.332205	0.982967	2.673960	1.269013
3.367296	0.994321	2.702461	1.258410
3.401197	1.004345	2.679877	1.266802
3.433987	1.013980	2.636300	1.283197
3.465736	1.023588	2.717842	1.277009
3.496508	1.032290	2.682324	1.290164
3.526361	1.040905	2.662069	1.297744
3.555348	1.049237	2.709256	1.280174
3.583519	1.056427	2.740191	1.268820
3.610918	1.062803	2.789103	1.251128
3.637586	1.068241	2.880011	1.219054
3.663562	1.072406	2.899117	1.212442
3.688879	1.076157	2.863603	1.224767
3.713572	1.080057	2.878953	1.219421
3.737670	1.083611	2.852284	1.228728
3.761200	1.087237	2.819239	1.240381
3.784190	1.090991	2.787455	1.251719
3.806662	1.094858	2.760151	1.261562
3.828641	1.098794	2.788062	1.251501
3.850148	1.102298	2.759443	1.261819
3.871201	1.105895	2.732611	1.271590
3.891820	1.109566	2.732751	1.271539
3.912023	1.113076	2.712095	1.279126
3.931826	1.116612	2.685850	1.288850
3.951244	1.120220	2.686171	1.288731
3.970292	1.123677	2.680706	1.290768
3.988984	1.127039	2.680862	1.290709
4.007333	1.130267	2.673270	1.293545
4.025352	1.133429	2.678449	1.291610
4.043051	1.136431	2.678881	1.291448
4.060443	1.139318	2.722418	1.295005
4.077537	1.142169	2.738981	1.288940
4.094345	1.144801	2.716996	1.296999
4.110874	1.147492	2.701380	1.302763
4.127134	1.150198	2.684785	1.308925
4.143135	1.152924	2.665054	1.316302
4.158883	1.155694	2.657542	1.319124
4.174387	1.158421	2.640654	1.325499
4.189655	1.161173	2.671039	1.314058
4.204693	1.163635	2.662968	1.317085
4.219508	1.166071	2.644876	1.323902
4.234107	1.168546	2.629171	1.329857
4.248495	1.171044	2.648355	1.322587
4.262680	1.173346	2.630644	1.329297
4.276666	1.175687	2.622919	1.332238
4.290459	1.178006	2.623332	1.332080
4.304065	1.180254	2.658109	1.318911
4.317488	1.182235	2.670476	1.314269
4.330733	1.184091	2.677985	1.311461
4.343805	1.185853	2.660833	1.317886
4.356709	1.187661	2.689754	1.307076
4.369448	1.189266	2.683117	1.309547
4.382027	1.190862	2.679501	1.310895
4.394449	1.192435	2.695564	1.304918
4.406719	1.193886	2.682228	1.309878
4.418841	1.195367	2.706325	1.300934
4.430817	1.196691	2.726413	1.293539
4.442651	1.197887	2.715296	1.297625
4.454347	1.199106	2.704359	1.301661
4.465908	1.200346	2.694302	1.305387
4.477337	1.201604	2.679333	1.310958
4.488636	1.202902	2.669061	1.314799
4.499810	1.204216	2.655182	1.320013
4.510860	1.205565	2.682996	1.310358
4.521789	1.206765	2.709567	1.300503
4.532599	1.207821	2.694966	1.305906
4.543295	1.208917	2.719929	1.296686
4.553877	1.209882	2.736025	1.290786
4.564348	1.210759	2.743935	1.287899
4.574711	1.211586	2.731159	1.292566
4.584967	1.212446	2.721267	1.296195
4.595120	1.213328	2.715149	1.298445
4.605170	1.214216	2.713179	1.299171
4.615121	1.215094	2.729556	1.293153
4.624973	1.215889	2.716846	1.297820
4.634729	1.216718	2.705727	1.301921
4.644391	1.217573	2.723208	1.295481
4.653960	1.218344	2.745269	1.287413
4.663439	1.219018	2.770904	1.278118
4.672829	1.219587	2.762837	1.281034
4.682131	1.220174	2.750889	1.285368
4.691348	1.220792	2.738412	1.289914
4.700480	1.221442	2.726075	1.294429
4.709530	1.222124	2.738022	1.290056
4.718499	1.222751	2.738879	1.289743
4.727388	1.223364	2.759768	1.282145
4.736198	1.223895	2.747666	1.286540
4.744932	1.224457	2.740649	1.289097
4.753590	1.225033	2.746744	1.286876
4.762174	1.225578	2.760696	1.281809
4.770685	1.226068	2.751147	1.285274
4.779123	1.226580	2.755046	1.283858
4.787492	1.227072	2.749480	1.285880
4.795791	1.227572	2.738128	1.290018
4.804021	1.228100	2.732897	1.291930
4.812184	1.228636	2.746873	1.286829
4.820282	1.229119	2.764015	1.280608
4.828314	1.229541	2.758295	1.282680
4.836282	1.229974	2.765737	1.279985
4.844187	1.230378	2.766310	1.279778
4.852030	1.230774	2.771585	1.277873
4.859812	1.231148	2.786910	1.272359
4.867534	1.231471	2.779172	1.275139
4.875197	1.231812	2.771716	1.277825
4.882802	1.232168	2.768047	1.279150
4.890349	1.232530	2.776645	1.276049
4.897840	1.232862	2.779946	1.274861
4.905275	1.233180	2.781559	1.274281
4.912655	1.233488	2.781290	1.274377
4.919981	1.233793	2.772304	1.277613
4.927254	1.234117	2.784571	1.273198
4.934474	1.234404	2.777299	1.275813
4.941642	1.234706	2.802200	1.266887
4.948760	1.234938	2.823150	1.259439
4.955827	1.235112	2.818749	1.260999
4.962845	1.235296	2.817399	1.261478
4.969813	1.235480	2.837647	1.254317
4.976734	1.235611	2.829949	1.257033
4.983607	1.235759	2.820254	1.260465
4.990433	1.235930	2.820193	1.260487
4.997212	1.236098	2.814306	1.262576
5.003946	1.236278	2.825975	1.258439
5.010635	1.236427	2.816874	1.261664
5.017280	1.236596	2.819015	1.260905
5.023881	1.236758	2.809771	1.264189
5.030438	1.236940	2.805694	1.265641
5.036953	1.237129	2.799588	1.267820
5.043425	1.237330	2.808617	1.264600
5.049856	1.237507	2.831990	1.259290
5.056246	1.237647	2.841839	1.255818
5.062595	1.237763	2.832991	1.258936
5.068904	1.237898	2.838517	1.256988
5.075174	1.238019	2.838836	1.256875
5.081404	1.238137	2.842525	1.255577
5.087596	1.238245	2.834239	1.258496
5.093750	1.238371	2.825539	1.261570
5.099866	1.238514	2.830687	1.259750
5.105945	1.238644	2.822510	1.262643
5.111988	1.238790	2.821213	1.263103
5.117994	1.238938	2.827055	1.261034
5.123964	1.239071	2.819471	1.263720
5.129899	1.239218	2.816477	1.264782
5.135798	1.239371	2.828646	1.260471
5.141664	1.239495	2.820724	1.263276
5.147494	1.239635	2.816787	1.264673
5.153292	1.239782	2.825715	1.261508
5.159055	1.239908	2.824132	1.262068
5.164786	1.240036	2.818472	1.264075
5.170484	1.240174	2.813755	1.265750
5.176150	1.240321	2.809980	1.267092
5.181784	1.240473	2.816225	1.264872
5.187386	1.240611	2.811781	1.266451
5.192957	1.240756	2.809751	1.267174
5.198497	1.240904	2.815495	1.265131
5.204007	1.241039	2.808207	1.267723
5.209486	1.241187	2.804570	1.269019
5.214936	1.241340	2.810828	1.266790
5.220356	1.241479	2.816207	1.264879
5.225747	1.241607	2.828327	1.260584
5.231109	1.241709	2.834288	1.258479
5.236442	1.241799	2.832492	1.259112
5.241747	1.241892	2.825261	1.261669
5.247024	1.241997	2.824672	1.261877
5.252273	1.242102	2.839192	1.256750
5.257495	1.242179	2.833576	1.258730
5.262690	1.242265	2.839785	1.256541
5.267858	1.242339	2.832679	1.259047
5.273000	1.242426	2.844332	1.254941
5.278115	1.242490	2.849443	1.253146
5.283204	1.242544	2.844414	1.254912
5.288267	1.242607	2.844771	1.254787
5.293305	1.242669	2.840654	1.256235
5.298317	1.242737	2.834781	1.258305
5.303305	1.242815	2.831311	1.259530
5.308268	1.242898	2.827709	1.260803
5.313206	1.242987	2.837895	1.257207
5.318120	1.243058	2.837011	1.257518
5.323010	1.243129	2.844160	1.255002
5.327876	1.243187	2.846858	1.254054
5.332719	1.243239	2.853572	1.251698
5.337538	1.243280	2.847257	1.253913
5.342334	1.243331	2.862556	1.248555
5.347108	1.243356	2.858138	1.250099
5.351858	1.243388	2.857797	1.250219
5.356586	1.243421	2.853095	1.251865
5.361292	1.243461	2.852986	1.251903
5.365976	1.243500	2.862601	1.248539
5.370638	1.243524	2.856199	1.250778
5.375278	1.243557	2.849753	1.253037
5.379897	1.243601	2.860921	1.249126
5.384495	1.243627	2.872484	1.245092
5.389072	1.243633	2.871013	1.245605
5.393628	1.243642	2.864480	1.247882
5.398163	1.243662	2.861579	1.248896
5.402677	1.243685	2.858769	1.249878
5.407172	1.243713	2.854881	1.251239
5.411646	1.243747	2.855704	1.250951
5.416100	1.243779	2.850540	1.252761
5.420535	1.243819	2.848937	1.253324
5.424950	1.243861	2.843547	1.255217
5.429346	1.243911	2.841818	1.255826
5.433722	1.243963	2.835609	1.258013
5.438079	1.244025	2.829558	1.260149
5.442418	1.244095	2.835522	1.258043
5.446737	1.244156	2.831669	1.259403
5.451038	1.244222	2.828657	1.260467
5.455321	1.244292	2.823707	1.262219
5.459586	1.244369	2.829611	1.260130
5.463832	1.244436	2.837548	1.257329
5.468060	1.244491	2.836205	1.257802
5.472271	1.244547	2.836077	1.257848
5.476464	1.244603	2.831428	1.259488
5.480639	1.244666	2.829392	1.260208
5.484797	1.244731	2.823838	1.262173
5.488938	1.244803	2.828505	1.260521
5.493061	1.244868	2.836911	1.257554
5.497168	1.244921	2.841457	1.255952
5.501258	1.244966	2.842693	1.255518
5.505332	1.245009	2.852795	1.251970
5.509388	1.245037	2.848646	1.253426
5.513429	1.245071	2.847304	1.253897
5.517453	1.245107	2.857968	1.250158
5.521461	1.245127	2.853079	1.251871
5.525453	1.245154	2.851316	1.252489
5.529429	1.245183	2.847959	1.253667
5.533389	1.245217	2.842744	1.255500
5.537334	1.245258	2.837202	1.257451
5.541264	1.245306	2.846069	1.254331
5.545177	1.245341	2.847086	1.253974
5.549076	1.245375	2.846621	1.254137
5.552960	1.245409	2.848160	1.253596
5.556828	1.245441	2.854599	1.251338
5.560682	1.245464	2.853296	1.251795
5.564520	1.245488	2.849353	1.253177
5.568345	1.245517	2.843913	1.255089
5.572154	1.245554	2.839025	1.256809
5.575949	1.245597	2.833685	1.258692
5.579730	1.245647	2.828871	1.260392
5.583496	1.245702	2.828920	1.260374
5.587249	1.245758	2.824083	1.262086
5.590987	1.245819	2.825935	1.261430
5.594711	1.245878	2.820864	1.263226
5.598422	1.245943	2.817988	1.264246
5.602119	1.246011	2.827071	1.261028
5.605802	1.246066	2.821952	1.262840
5.609472	1.246128	2.817035	1.264584
5.613128	1.246196	2.823048	1.262452
5.616771	1.246256	2.818304	1.264134
5.620401	1.246321	2.821121	1.263135
5.624018	1.246382	2.829010	1.260343
5.627621	1.246433	2.826651	1.261177
5.631212	1.246486	2.831894	1.259324
5.634790	1.246532	2.826841	1.261110
5.638355	1.246585	2.832122	1.259243
5.641907	1.246630	2.829237	1.260262
5.645447	1.246678	2.830161	1.259936
5.648974	1.246725	2.832529	1.259100
5.652489	1.246769	2.834865	1.258275
5.655992	1.246809	2.830967	1.259651
5.659482	1.246854	2.827528	1.260867
5.662960	1.246903	2.823406	1.262326
5.666427	1.246957	2.818656	1.264009
5.669881	1.247017	2.817557	1.264399
5.673323	1.247077	2.820056	1.263513
5.676754	1.247134	2.818009	1.264239
5.680173	1.247192	2.816316	1.264840
5.683580	1.247253	2.815004	1.265306
5.686975	1.247315	2.816108	1.264914
5.690359	1.247375	2.813331	1.265900
5.693732	1.247438	2.820837	1.263236
5.697093	1.247491	2.824876	1.261805
5.700444	1.247539	2.821222	1.263099
5.703782	1.247592	2.826504	1.261229
5.707110	1.247637	2.822168	1.262764
5.710427	1.247688	2.819242	1.263801
5.713733	1.247741	2.814773	1.265388
5.717028	1.247800	2.817513	1.264415
5.720312	1.247855	2.816664	1.264716
5.723585	1.247910	2.812929	1.266043
5.726848	1.247970	2.808359	1.267669
5.730100	1.248035	2.808372	1.267664
5.733341	1.248099	2.805460	1.268702
5.736572	1.248166	2.801323	1.270177
5.739793	1.248237	2.799248	1.270919
5.743003	1.248311	2.804447	1.269063
5.746203	1.248378	2.808904	1.267475
5.749393	1.248439	2.816730	1.264693
5.752573	1.248491	2.812373	1.266241
5.755742	1.248548	2.811027	1.266720
5.758902	1.248606	2.807086	1.268122
5.762051	1.248668	2.803599	1.269365
5.765191	1.248733	2.805284	1.268765
5.768321	1.248797	2.800941	1.270314
5.771441	1.248864	2.804695	1.268975
5.774552	1.248927	2.802076	1.269909
5.777652	1.248993	2.799975	1.270659
5.780744	1.249061	2.797252	1.271632
5.783825	1.249131	2.793279	1.273053
5.786897	1.249205	2.789500	1.274407
5.789960	1.249283	2.792617	1.273290
5.793014	1.249357	2.799556	1.270809
5.796058	1.249423	2.795322	1.272322
5.799093	1.249493	2.794943	1.272458
5.802118	1.249564	2.802099	1.269901
5.805135	1.249625	2.808349	1.267673
5.808142	1.249680	2.813756	1.265749
5.811141	1.249729	2.818807	1.263956
5.814131	1.249771	2.816449	1.264792
5.817111	1.249816	2.813476	1.265849
5.820083	1.249864	2.814459	1.265499
5.823046	1.249911	2.816013	1.264947
5.826000	1.249956	2.812085	1.266343
5.828946	1.250004	2.820797	1.263250
5.831882	1.250043	2.820231	1.263451
5.834811	1.250083	2.820364	1.263403
5.837730	1.250122	2.816759	1.264682
5.840642	1.250165	2.819477	1.263718
5.843544	1.250204	2.820539	1.263341
5.846439	1.250242	2.826860	1.261103
5.849325	1.250274	2.823804	1.262185
5.852202	1.250308	2.822563	1.262624
5.855072	1.250344	2.820053	1.263514
5.857933	1.250382	2.820765	1.263261
5.860786	1.250419	2.821244	1.263092
5.863631	1.250455	2.826592	1.261197
5.866468	1.250485	2.823612	1.262253
5.869297	1.250519	2.827624	1.260833
5.872118	1.250548	2.826390	1.261269
5.874931	1.250578	2.825102	1.261725
5.877736	1.250610	2.823135	1.262421
5.880533	1.250643	2.819677	1.263647
5.883322	1.250679	2.819526	1.263701
5.886104	1.250716	2.816980	1.264604
5.888878	1.250755	2.814255	1.265572
5.891644	1.250796	2.813444	1.265860
5.894403	1.250838	2.812054	1.266354
5.897154	1.250881	2.817490	1.264423
5.899897	1.250918	2.815226	1.265227
5.902633	1.250957	2.819070	1.263863
5.905362	1.250993	2.817505	1.264418
5.908083	1.251029	2.813676	1.265777
5.910797	1.251070	2.818829	1.263948
5.913503	1.251105	2.815897	1.264988
5.916202	1.251142	2.812105	1.266336
5.918894	1.251184	2.812288	1.266271
5.921578	1.251224	2.814182	1.265598
5.924256	1.251263	2.810993	1.266732
5.926926	1.251305	2.815572	1.265104
5.929589	1.251342	2.822580	1.262618
5.932245	1.251372	2.820092	1.263500
5.934894	1.251404	2.819482	1.263716
5.937536	1.251437	2.817960	1.264256
5.940171	1.251471	2.815403	1.265164
5.942799	1.251507	2.811938	1.266396
5.945421	1.251546	2.808418	1.267648
5.948035	1.251588	2.805070	1.268841
5.950643	1.251634	2.805089	1.268834
5.953243	1.251679	2.807548	1.267958
5.955837	1.251721	2.805312	1.268755
5.958425	1.251766	2.811276	1.266631
5.961005	1.251804	2.809200	1.267370
5.963579	1.251845	2.809556	1.267243
5.966147	1.251884	2.808689	1.267551
5.968708	1.251925	2.815376	1.265174
5.971262	1.251959	2.817376	1.264463
5.973810	1.251991	2.813798	1.265734
5.976351	1.252026	2.814921	1.265335
5.978886	1.252060	2.811872	1.266419
5.981414	1.252096	2.810435	1.266930
5.983936	1.252134	2.815155	1.265252
5.986452	1.252167	2.818531	1.264054
5.988961	1.252197	2.818628	1.264019
5.991465	1.252227	2.815712	1.265054
5.993961	1.252259	2.815705	1.265057
5.996452	1.252291	2.815496	1.265131
5.998937	1.252323	2.812450	1.266214
6.001415	1.252358	2.817530	1.264409
6.003887	1.252388	2.819126	1.263843
6.006353	1.252416	2.819565	1.263687
6.008813	1.252444	2.816263	1.264859
6.011267	1.252475	2.812813	1.266084
6.013715	1.252508	2.809487	1.267267
6.016157	1.252544	2.807419	1.268004
6.018593	1.252582	2.804691	1.268976
6.021023	1.252622	2.811056	1.266709
6.023448	1.252657	2.813723	1.265761
6.025866	1.252689	2.811798	1.266445
6.028279	1.252722	2.811439	1.266573
6.030685	1.252755	2.818392	1.264103
6.033086	1.252783	2.815014	1.265302
6.035481	1.252813	2.814442	1.265505
6.037871	1.252843	2.812491	1.266199
6.040255	1.252875	2.810648	1.266854
6.042633	1.252909	2.807310	1.268043
6.045005	1.252945	2.807051	1.268135
6.047372	1.252981	2.803778	1.269302
6.049733	1.253020	2.800546	1.270455
6.052089	1.253061	2.805400	1.268723
6.054439	1.253098	2.809443	1.267283
6.056784	1.253132	2.808391	1.267658
6.059123	1.253166	2.815548	1.265113
6.061457	1.253194	2.812264	1.266279
6.063785	1.253225	2.818935	1.263910
6.066108	1.253250	2.822491	1.262650
6.068426	1.253272	2.821002	1.263177
6.070738	1.253295	2.820405	1.263389
6.073045	1.253318	2.817165	1.264538
6.075346	1.253344	2.816653	1.264720
6.077642	1.253370	2.813923	1.265690
6.079933	1.253398	2.813387	1.265880
6.082219	1.253427	2.813661	1.265783
6.084499	1.253455	2.811331	1.266611
6.086775	1.253486	2.809772	1.267166
6.089045	1.253517	2.812793	1.266091
6.091310	1.253545	2.818514	1.264060
6.093570	1.253569	2.817813	1.264308
6.095825	1.253594	2.814708	1.265411
6.098074	1.253620	2.816949	1.264615
6.100319	1.253645	2.822805	1.262538
6.102559	1.253665	2.827363	1.260925
6.104793	1.253681	2.824707	1.261865
6.107023	1.253700	2.823510	1.262289
6.109248	1.253719	2.822511	1.262642
6.111467	1.253739	2.821077	1.263151
6.113682	1.253760	2.819385	1.263751
6.115892	1.253782	2.816273	1.264855
6.118097	1.253806	2.814701	1.265413
6.120297	1.253832	2.816617	1.264733
6.122493	1.253856	2.813718	1.265763
6.124683	1.253882	2.812191	1.266305
6.126869	1.253909	2.814383	1.265526
6.129050	1.253935	2.817787	1.264318
6.131226	1.253958	2.818364	1.264113
6.133398	1.253980	2.820148	1.263480
6.135565	1.254000	2.826589	1.262765
6.137727	1.254019	2.824084	1.263652
6.139885	1.254040	2.827457	1.262458
6.142037	1.254058	2.832536	1.260663
6.144186	1.254073	2.835462	1.259631
6.146329	1.254085	2.832446	1.260695
6.148468	1.254099	2.831186	1.261140
6.150603	1.254114	2.833998	1.260147
6.152733	1.254127	2.834958	1.259809
6.154858	1.254139	2.831948	1.260871
6.156979	1.254153	2.828961	1.261926
6.159095	1.254170	2.827836	1.262324
6.161207	1.254187	2.827337	1.262501
6.163315	1.254204	2.831478	1.261037
6.165418	1.254219	2.828830	1.261973
6.167516	1.254235	2.827327	1.262504
6.169611	1.254253	2.825089	1.263296
6.171701	1.254272	2.822139	1.264341
6.173786	1.254293	2.819429	1.265301
6.175867	1.254316	2.822562	1.264191
6.177944	1.254336	2.822828	1.264097
6.180017	1.254357	2.825410	1.263182
6.182085	1.254375	2.822787	1.264111
6.184149	1.254395	2.820115	1.265058
6.186209	1.254417	2.819268	1.265359
6.188264	1.254440	2.816372	1.266386
6.190315	1.254464	2.815254	1.266783
6.192362	1.254490	2.812777	1.267663
6.194405	1.254517	2.810188	1.268585
6.196444	1.254546	2.814875	1.266918
6.198479	1.254571	2.819104	1.265417
6.200509	1.254593	2.821792	1.264464
6.202536	1.254613	2.819889	1.265138
6.204558	1.254634	2.824807	1.263396
6.206576	1.254652	2.822858	1.264086
6.208590	1.254671	2.820132	1.265052
6.210600	1.254692	2.826045	1.263070
6.212606	1.254709	2.823274	1.264051
